ans =

                     0           245733865.1

ans =

                     0      23653.3395032405

ans =

                     0           245734865.6

ans =

                     0      27663.6639021097

ans =

                     0           248689774.7

ans =

                     0      15782.7399187988

ans =

                     0           248677940.1

ans =

                     0       15770.969930364

ans =

                     0           249435221.1

ans =

                     0      8981.85873426109

ans =

                     0           249101202.9

ans =

                     0      12254.3628008785

