ans =

                     0              622134.8

ans =

                     0      2910.18536255759

ans =

                     0              624608.5

ans =

                     0      3234.97141495185

ans =

                     0              852355.6

ans =

                     0      2901.20830000192

ans =

                     0              850756.6

ans =

                     0      3097.48289207005

ans =

                     0                946738

ans =

                     0      2039.08585182456

ans =

                     0              939067.5

ans =

                     0      3377.03977043669

