ans =

                     0            72742301.1

ans =

                     0      82558.8813897222

ans =

                     0            72748872.3

ans =

                     0      84498.0620370143

ans =

                     0              91206152

ans =

                     0      240961.892056722

ans =

                     0            91199209.5

ans =

                     0      245577.635921356

ans =

                     0            90235715.7

ans =

                     0      267537.295149272

ans =

                     0            90233902.8

ans =

                     0      266252.127549893

