ans =

                     0           287425414.1

ans =

                     0       15239.155943745

ans =

                     0           286870459.4

ans =

                     0      15863.6592682072

ans =

                     0           312954535.5

ans =

                     0      18653.6376568575

ans =

                     0           313355392.4

ans =

                     0      11654.7193512137

ans =

                     0           298208307.7

ans =

                     0       18657.256157979

ans =

                     0           298793728.3

ans =

                     0      11123.5215152397

