ans =

                     0              615135.6

ans =

                     0      3107.10902430039

ans =

                     0                852999

ans =

                     0      1552.62272730156

ans =

                     0              938743.8

ans =

                     0      2890.48403482108

