ans =

                     0             302472.68

ans =

                     0      114178.304715515

ans =

                     0      302283.486666667

ans =

                     0      114856.615346098

ans =

                     0      445171.013333333

ans =

                     0      176544.367120486

ans =

                     0              446439.5

ans =

                     0      177676.845887282

ans =

                     0      484328.753333333

ans =

                     0      196605.092579346

ans =

                     0      484648.533333333

ans =

                     0      196838.414682808

