ans =

                     0           276288420.9

ans =

                     0      16743.8871064438

ans =

                     0             276301660

ans =

                     0      13902.1331137028

ans =

                     0           301321806.5

ans =

                     0      33156.0873219383

ans =

                     0           301329240.2

ans =

                     0       9816.9986452072

ans =

                     0             290934881

ans =

                     0       21046.522684546

ans =

                     0           290934635.4

ans =

                     0      18772.2724380638

