ans =

                     0           285952811.3

ans =

                     0      17017.7423039081

ans =

                     0           286534949.3

ans =

                     0      14602.0562406654

ans =

                     0           313257645.9

ans =

                     0      13777.3926855233

ans =

                     0           312787891.4

ans =

                     0      16017.3782096544

ans =

                     0           297515496.7

ans =

                     0      8872.91495444924

ans =

                     0           298085151.4

ans =

                     0      17139.0669602131

