ans =

                     0              71493096

ans =

                     0      4911.37808223585

ans =

                     0            71491715.6

ans =

                     0       6660.7329626701

ans =

                     0            89658225.4

ans =

                     0       22684.141583445

ans =

                     0            89638228.9

ans =

                     0      28631.9089069443

ans =

                     0            86020391.1

ans =

                     0       16589.970514005

ans =

                     0            86027324.6

ans =

                     0      14529.0187418146

