ans =

                     0            72597760.5

ans =

                     0      86382.9962566579

ans =

                     0            72593732.7

ans =

                     0      86851.6239265437

ans =

                     0            91348440.8

ans =

                     0      255762.724676516

ans =

                     0            91370367.8

ans =

                     0      257595.836106702

ans =

                     0            90091514.3

ans =

                     0       272179.54241846

ans =

                     0            90084350.6

ans =

                     0      271705.493611987

