ans =

                     0            71320806.1

ans =

                     0      4778.92787720798

ans =

                     0            71321046.6

ans =

                     0      3553.50866359183

ans =

                     0            90150912.9

ans =

                     0      12840.1571680412

ans =

                     0            90160673.3

ans =

                     0      24444.1811301222

ans =

                     0            86017439.3

ans =

                     0      15290.2420084764

ans =

                     0            86019920.3

ans =

                     0      15294.9009299033

