ans =

                     0              612911.5

ans =

                     0      3097.46954966649

ans =

                     0              612663.6

ans =

                     0      3238.77786278165

ans =

                     0              850239.3

ans =

                     0      2586.18079844048

ans =

                     0              851051.8

ans =

                     0      2535.26070541955

ans =

                     0                941440

ans =

                     0      3435.31172772816

ans =

                     0              941147.3

ans =

                     0      3034.88802832072

