ans =

                     0      306681.793333333

ans =

                     0      117828.174394062

ans =

                     0             306904.28

ans =

                     0       117935.47460217

ans =

                     0      447084.573333333

ans =

                     0      177573.099676224

ans =

                     0      446363.593333333

ans =

                     0       177418.57202937

ans =

                     0      483773.953333333

ans =

                     0      196392.007215549

ans =

                     0      485615.993333333

ans =

                     0      197706.968701767

