ans =

                     0          244154615.32

ans =

                     0      871443.224549852

ans =

                     0             244410872

ans =

                     0      887158.110126885

ans =

                     0          246267696.62

ans =

                     0      1424576.85833162

ans =

                     0           245918413.3

ans =

                     0      1386887.10173232

ans =

                     0      244405799.406667

ans =

                     0      2973639.96738524

ans =

                     0      244410213.826667

ans =

                     0      2973404.36383757

