ans =

                     0           244697976.9

ans =

                     0      20176.4391553339

ans =

                     0           244683023.4

ans =

                     0      22100.6985822218

ans =

                     0           247474975.3

ans =

                     0      9620.68099980454

ans =

                     0           247480775.9

ans =

                     0      12365.5851499232

ans =

                     0           248043452.9

ans =

                     0      10203.4404486374

ans =

                     0           248320638.4

ans =

                     0      12141.6020103518

