ans =

                     0           246249021.6

ans =

                     0       17108.461546524

ans =

                     0           246786404.6

ans =

                     0      22164.0968194561

ans =

                     0           279126698.1

ans =

                     0      13405.7786830904

ans =

                     0           279129845.7

ans =

                     0      11575.2339745971

ans =

                     0           256424376.6

ans =

                     0       9938.7026115082

ans =

                     0             256782962

ans =

                     0      17262.8897349198

