ans =

                     0           285574696.7

ans =

                     0      27131.5346457463

ans =

                     0           284141858.6

ans =

                     0      21553.8439221922

ans =

                     0           306766596.6

ans =

                     0      30269.3908950206

ans =

                     0           306776546.3

ans =

                     0      28239.8682246296

ans =

                     0           296976588.8

ans =

                     0      21999.0790049644

ans =

                     0           296981867.2

ans =

                     0      18656.1554381746

