ans =

                     0      243098627.466667

ans =

                     0       870322.69533705

ans =

                     0          243314525.28

ans =

                     0      886198.645152982

ans =

                     0      245063016.193333

ans =

                     0      1423071.92548844

ans =

                     0      244717935.393333

ans =

                     0      1385482.06819408

ans =

                     0      243126753.933333

ans =

                     0      2908458.08942991

ans =

                     0      243124298.153333

ans =

                     0      2909170.65437062

