ans =

                     0             245476817

ans =

                     0      17827.7685897279

ans =

                     0           245992778.5

ans =

                     0       14307.533215835

ans =

                     0             278664826

ans =

                     0      13855.8192026952

ans =

                     0           278663439.1

ans =

                     0      20046.7289459735

ans =

                     0           256183498.1

ans =

                     0      11681.5082021877

ans =

                     0           256190984.7

ans =

                     0      9808.00846304239

