ans =

                     0           278190139.9

ans =

                     0      10087.3704915272

ans =

                     0           278194572.3

ans =

                     0      15434.3281612414

ans =

                     0           278659100.3

ans =

                     0      11150.1918872377

ans =

                     0           297527538.3

ans =

                     0      17338.6234302368

ans =

                     0           297048478.9

ans =

                     0      13897.5706945894

ans =

                     0           297516366.8

ans =

                     0      14505.9515280223

ans =

                     0           288795126.6

ans =

                     0      18292.8224855786

ans =

                     0             288794381

ans =

                     0      10764.6149438282

ans =

                     0           289441409.1

ans =

                     0      16093.7576542377

