ans =

                     0           286739136.2

ans =

                     0      9903.76658762828

ans =

                     0             286744795

ans =

                     0      10270.9396843716

ans =

                     0           287298904.1

ans =

                     0      14234.0283393938

ans =

                     0           309181438.8

ans =

                     0      14032.8200682068

ans =

                     0           308732695.5

ans =

                     0      7768.88898463323

ans =

                     0           308737545.8

ans =

                     0      8195.70867114139

ans =

                     0           296663073.5

ans =

                     0      13067.0638141176

ans =

                     0           297267545.6

ans =

                     0      7982.12391952585

ans =

                     0           296669723.8

ans =

                     0      13765.1420608563

