ans =

                     0           247071547.2

ans =

                     0      13343.1231626382

ans =

                     0           246700171.9

ans =

                     0      14203.2364500333

ans =

                     0           247080811.8

ans =

                     0      20991.2219315069

ans =

                     0           275758553.6

ans =

                     0      10586.9672732301

ans =

                     0           275413071.5

ans =

                     0      16542.5627817726

ans =

                     0           275413668.2

ans =

                     0      16730.3109010097

ans =

                     0           255708960.2

ans =

                     0      12657.0758936564

ans =

                     0           256070044.3

ans =

                     0      14050.5796404751

ans =

                     0           256075103.2

ans =

                     0      8264.71603061271

