ans =

                     0            74131703.4

ans =

                     0      34419.3379276502

ans =

                     0            74132468.9

ans =

                     0      30705.3696080452

ans =

                     0            74132264.2

ans =

                     0      30150.2252573122

ans =

                     0            85308110.6

ans =

                     0      21480.4964829856

ans =

                     0            85298094.1

ans =

                     0      19190.8705404419

ans =

                     0            85295279.9

ans =

                     0      14971.3621917906

ans =

                     0            85020609.8

ans =

                     0      6137.12433201957

ans =

                     0              85023685

ans =

                     0      5088.74105801774

ans =

                     0            85021870.2

ans =

                     0      5476.51861840876

