ans =

                     0             279895842

ans =

                     0      17764.2053204377

ans =

                     0           279903703.4

ans =

                     0      16872.1259886766

ans =

                     0           279424614.1

ans =

                     0      14201.6520826902

ans =

                     0           297769033.9

ans =

                     0      41672.3306615633

ans =

                     0           297769475.1

ans =

                     0      46599.6913758259

ans =

                     0           297762969.3

ans =

                     0      42704.7045132813

ans =

                     0           290188401.9

ans =

                     0      14847.0567187948

ans =

                     0           290192010.5

ans =

                     0      9629.39952264245

ans =

                     0           290194539.9

ans =

                     0      19750.6673274038

