ans =

                     0          243285722.26

ans =

                     0      872935.912989476

ans =

                     0      243398348.366667

ans =

                     0      892016.796826508

ans =

                     0      243402708.686667

ans =

                     0      891405.109426618

ans =

                     0      242881725.426667

ans =

                     0      1425622.31482932

ans =

                     0      242554042.586667

ans =

                     0       1386659.8289603

ans =

                     0      242554033.893333

ans =

                     0      1387076.35791463

ans =

                     0      242668424.333333

ans =

                     0      2968190.13147726

ans =

                     0      242343008.666667

ans =

                     0      2890070.33372283

ans =

                     0          242660594.26

ans =

                     0      2968784.40062219

