ans =

                     0            74122549.7

ans =

                     0      34866.7776927805

ans =

                     0            74122737.8

ans =

                     0      33375.5599863133

ans =

                     0            74121826.9

ans =

                     0      33379.7836902984

ans =

                     0            86647607.6

ans =

                     0      20217.8472598401

ans =

                     0            86643527.2

ans =

                     0      31298.7212014236

ans =

                     0            86660706.2

ans =

                     0      22512.1752135249

ans =

                     0              85019008

ans =

                     0      3597.82307637395

ans =

                     0            85019023.4

ans =

                     0      3187.73371953598

ans =

                     0            85019047.3

ans =

                     0      5338.61482346623

