ans =

                     0           246072318.7

ans =

                     0      8876.73825293453

ans =

                     0             246079174

ans =

                     0      7641.81677060865

ans =

                     0             246081811

ans =

                     0      14497.0568124093

ans =

                     0           245955851.5

ans =

                     0      10895.6518569973

ans =

                     0           245962298.1

ans =

                     0      10478.3332903876

ans =

                     0           245956788.2

ans =

                     0      15838.2030672674

ans =

                     0           247748509.9

ans =

                     0      9652.69600163602

ans =

                     0           248165279.9

ans =

                     0      11898.4385198694

ans =

                     0           247741920.3

ans =

                     0      9037.10303938405

