ans =

                     0      244549314.473333

ans =

                     0      892710.392353825

ans =

                     0      244358400.426667

ans =

                     0      872075.205884197

ans =

                     0      244551038.693333

ans =

                     0      892180.991922919

ans =

                     0      243547960.826667

ans =

                     0       1428038.3195609

ans =

                     0          243246452.92

ans =

                     0      1389687.34516654

ans =

                     0          243546290.74

ans =

                     0       1428351.0325077

ans =

                     0          242869797.22

ans =

                     0      2889000.03141524

ans =

                     0      242864291.806667

ans =

                     0      2889976.65071703

ans =

                     0          243158549.36

ans =

                     0      2968320.84561976

