ans =

                     0           245508172.6

ans =

                     0      131285.469370461

ans =

                     0           245489408.9

ans =

                     0      161323.211060178

ans =

                     0           245313268.5

ans =

                     0      156469.501288945

ans =

                     0           245653393.7

ans =

                     0      579039.671294166

ans =

                     0           245652733.3

ans =

                     0      582513.455742164

ans =

                     0           245282416.2

ans =

                     0      580234.764521856

ans =

                     0           247395920.5

ans =

                     0      591887.583450936

ans =

                     0           247836080.1

ans =

                     0      590538.640386978

ans =

                     0           247828266.2

ans =

                     0      593948.898966494

