ans =

                     0            75758190.8

ans =

                     0      88659.5810988425

ans =

                     0            75755530.8

ans =

                     0      91654.1514932933

ans =

                     0            75759460.6

ans =

                     0      89261.5812283077

ans =

                     0            88874961.4

ans =

                     0      273433.059458679

ans =

                     0            88910083.4

ans =

                     0      242243.859647991

ans =

                     0            88891470.8

ans =

                     0      249528.110754324

ans =

                     0            87949464.5

ans =

                     0      265112.501455619

ans =

                     0            87950816.2

ans =

                     0      265151.363016506

ans =

                     0            87948683.2

ans =

                     0      263810.198946473

