ans =

                     0            75824692.8

ans =

                     0      90505.4638863803

ans =

                     0            75828784.1

ans =

                     0      91054.5069779025

ans =

                     0            75825529.2

ans =

                     0      91643.7129513591

ans =

                     0            88133765.4

ans =

                     0      234772.915697133

ans =

                     0              88115049

ans =

                     0      263726.469826009

ans =

                     0            88130663.5

ans =

                     0      263379.396237633

ans =

                     0            87978037.1

ans =

                     0      262082.332424777

ans =

                     0              87981332

ans =

                     0      263280.870018229

ans =

                     0            87982631.6

ans =

                     0      262711.859914241

