ans =

                     0           246535012.9

ans =

                     0      145236.122632881

ans =

                     0           246323567.6

ans =

                     0      141896.868541283

ans =

                     0           246325120.9

ans =

                     0      131115.483657601

ans =

                     0           246125173.8

ans =

                     0      572471.603418176

ans =

                     0           246477501.1

ans =

                     0      580596.178444087

ans =

                     0           246131795.6

ans =

                     0      569033.738220464

ans =

                     0           248475367.5

ans =

                     0      588659.922395539

ans =

                     0           248853386.3

ans =

                     0      584966.772128706

ans =

                     0           248474048.3

ans =

                     0      583889.904583628

