ans =

                     0           279864180.2

ans =

                     0      18443.8928091538

ans =

                     0           279303525.4

ans =

                     0      13850.5013082158

ans =

                     0             279307445

ans =

                     0      15043.8331920794

ans =

                     0           297769033.9

ans =

                     0      41672.3306615633

ans =

                     0           297769475.1

ans =

                     0      46599.6913758259

ans =

                     0           297762969.3

ans =

                     0      42704.7045132813

ans =

                     0           290188401.9

ans =

                     0      14847.0567187948

ans =

                     0           290192010.5

ans =

                     0      9629.39952264245

ans =

                     0           290194539.9

ans =

                     0      19750.6673274038

