ans =

                     0             287679097

ans =

                     0      12789.5414477785

ans =

                     0           288210022.8

ans =

                     0      14863.0678140297

ans =

                     0           288207010.9

ans =

                     0       20857.308601543

ans =

                     0           309922366.1

ans =

                     0      10857.0529503483

ans =

                     0           309452975.6

ans =

                     0      11555.1969664447

ans =

                     0           309462792.5

ans =

                     0      8987.94779752926

ans =

                     0             298061675

ans =

                     0      14545.1936773324

ans =

                     0             297507605

ans =

                     0      19099.3915900772

ans =

                     0           298064449.6

ans =

                     0      16686.3890055471

