ans =

                     0           246475253.7

ans =

                     0      17299.4933005437

ans =

                     0           246098848.5

ans =

                     0      13646.1192631621

ans =

                     0           246481085.9

ans =

                     0      13690.6120669116

ans =

                     0           274782666.8

ans =

                     0      15858.4855014595

ans =

                     0           275149812.8

ans =

                     0      16597.0850439333

ans =

                     0           274802148.3

ans =

                     0      5259.49913225796

ans =

                     0           254934184.8

ans =

                     0       10934.649776437

ans =

                     0           254931202.6

ans =

                     0      9199.00016547692

ans =

                     0             255320282

ans =

                     0      10040.7138303122

