ans =

                     0           246249814.4

ans =

                     0      21233.1072996865

ans =

                     0           246779907.5

ans =

                     0      18341.8212548385

ans =

                     0           246255447.4

ans =

                     0      24641.7433420067

ans =

                     0           278780482.1

ans =

                     0      15536.3026950859

ans =

                     0           278777350.3

ans =

                     0      10745.7942062103

ans =

                     0           279130160.1

ans =

                     0      10579.2030728007

ans =

                     0           256787077.8

ans =

                     0      12407.8281544802

ans =

                     0           256779107.4

ans =

                     0      8633.59095111131

ans =

                     0           256426619.1

ans =

                     0      11330.2387093614

