ans =

                     0           277000044.9

ans =

                     0      28666.8373888327

ans =

                     0           276973078.3

ans =

                     0      23154.8510926376

ans =

                     0             276984239

ans =

                     0      22584.5120479599

ans =

                     0           301797604.7

ans =

                     0      25400.3157944061

ans =

                     0           301810426.1

ans =

                     0      23832.1276452607

ans =

                     0           302369618.9

ans =

                     0        33004.81871367

ans =

                     0           291069033.7

ans =

                     0      46180.6390289505

ans =

                     0           291080049.6

ans =

                     0      43149.6688263331

ans =

                     0           291722259.7

ans =

                     0      41887.6851301987

