ans =

                     0            72742983.2

ans =

                     0      81403.7980233246

ans =

                     0              72744366

ans =

                     0      83402.0370148249

ans =

                     0            72748215.6

ans =

                     0      81507.4689095695

ans =

                     0            91205496.1

ans =

                     0      242097.822814319

ans =

                     0            91197533.9

ans =

                     0      244093.969498292

ans =

                     0            91207642.7

ans =

                     0      243887.177750993

ans =

                     0            90232492.9

ans =

                     0       268488.61374055

ans =

                     0            90230539.9

ans =

                     0      268522.324399233

ans =

                     0              90230866

ans =

                     0      265510.768486787

