ans =

                     0          244150320.56

ans =

                     0      872014.431340549

ans =

                     0      244394625.666667

ans =

                     0      887715.493378668

ans =

                     0          244153146.58

ans =

                     0      871550.240329452

ans =

                     0           245916748.8

ans =

                     0      1386835.99642023

ans =

                     0      246274068.973333

ans =

                     0       1424379.2603284

ans =

                     0          245910913.34

ans =

                     0       1386945.5632436

ans =

                     0          244184647.04

ans =

                     0      2914195.98808456

ans =

                     0      244184423.966667

ans =

                     0      2914833.53666326

ans =

                     0      244407642.413333

ans =

                     0      2973125.96098594

