ans =

                     0              71492499

ans =

                     0      2825.91605599946

ans =

                     0            71490857.3

ans =

                     0      4015.94400276365

ans =

                     0            71492443.6

ans =

                     0      2932.73422669775

ans =

                     0            89642991.1

ans =

                     0      32537.2347471153

ans =

                     0            89644533.5

ans =

                     0      32301.3620533252

ans =

                     0            89647211.7

ans =

                     0      38103.1897907949

ans =

                     0            86020422.8

ans =

                     0      16016.4994774486

ans =

                     0            86023816.1

ans =

                     0      16516.4323659803

ans =

                     0            86027001.8

ans =

                     0      14964.0981151555

