ans =

                     0           286872905.4

ans =

                     0       13665.103042259

ans =

                     0           287433261.3

ans =

                     0       17043.913752748

ans =

                     0           287437358.9

ans =

                     0      24644.6979262838

ans =

                     0           312957663.2

ans =

                     0      9098.06979284923

ans =

                     0           313355692.8

ans =

                     0      13301.3745388295

ans =

                     0           313353251.5

ans =

                     0      19027.6682652161

ans =

                     0           298208338.9

ans =

                     0      30499.2188258796

ans =

                     0             298202724

ans =

                     0      16035.9189737705

ans =

                     0           298795047.7

ans =

                     0      27696.2551421668

