ans =

                     0           244861541.1

ans =

                     0      140959.811153116

ans =

                     0             244850036

ans =

                     0      129707.473783639

ans =

                     0           245088243.7

ans =

                     0      136983.466227822

ans =

                     0           247728689.7

ans =

                     0      572758.001691242

ans =

                     0           248139543.5

ans =

                     0      573640.653803261

ans =

                     0           247734587.2

ans =

                     0      587926.589999844

ans =

                     0             248827734

ans =

                     0      601193.331270214

ans =

                     0           248832892.4

ans =

                     0      592188.683917025

ans =

                     0           248515044.3

ans =

                     0      590083.212630605

