ans =

                     0           286532140.7

ans =

                     0      16949.7264877965

ans =

                     0           286530478.8

ans =

                     0      16737.2520763316

ans =

                     0           285957057.9

ans =

                     0      18787.8971944411

ans =

                     0           313246894.7

ans =

                     0      18394.0541603953

ans =

                     0           312790596.2

ans =

                     0      15474.6680294675

ans =

                     0           312796077.5

ans =

                     0      15457.4260919756

ans =

                     0           297517340.6

ans =

                     0      12004.9655207983

ans =

                     0           298096327.5

ans =

                     0      12440.4661242611

ans =

                     0             297521948

ans =

                     0      9217.24887853686

