ans =

                     0           284132523.5

ans =

                     0       16311.512984188

ans =

                     0           285578822.8

ans =

                     0      15819.1994094377

ans =

                     0           285595197.3

ans =

                     0      18790.1172727107

ans =

                     0           307659957.4

ans =

                     0      18852.9270477204

ans =

                     0           307653835.2

ans =

                     0      17033.3415381585

ans =

                     0           307656862.9

ans =

                     0      29926.6252671058

ans =

                     0           296987091.7

ans =

                     0      24321.2390905562

ans =

                     0           296982038.9

ans =

                     0      24657.1258460691

ans =

                     0             296984373

ans =

                     0      20663.1354778934

