ans =

                     0            72592658.7

ans =

                     0       84846.770851996

ans =

                     0            72597465.2

ans =

                     0      86246.7168673683

ans =

                     0              72596843

ans =

                     0      86465.7555477569

ans =

                     0            91355611.7

ans =

                     0      254411.480954269

ans =

                     0            91352256.8

ans =

                     0      243935.142977163

ans =

                     0            91364411.4

ans =

                     0      256540.692258103

ans =

                     0            90086997.3

ans =

                     0      268583.175465069

ans =

                     0            90090935.5

ans =

                     0      272533.425635279

ans =

                     0              90091606

ans =

                     0      270865.236860202

