ans =

                     0             245792734

ans =

                     0      13499.3501489681

ans =

                     0           245780485.8

ans =

                     0      23539.1516358031

ans =

                     0           246079153.5

ans =

                     0      21226.4431167563

ans =

                     0           248592303.5

ans =

                     0      14485.4613415582

ans =

                     0           248603929.7

ans =

                     0      9022.19885800204

ans =

                     0           248178932.5

ans =

                     0      10828.9307797831

ans =

                     0           249421306.5

ans =

                     0      10362.3892166709

ans =

                     0           249424196.2

ans =

                     0      13960.2234684438

ans =

                     0           249094922.9

ans =

                     0      13394.0197472189

