ans =

                     0           245882510.6

ans =

                     0        129715.4454756

ans =

                     0           245872957.3

ans =

                     0      130267.486986542

ans =

                     0           246171381.9

ans =

                     0      116133.618977308

ans =

                     0           249251756.5

ans =

                     0      570604.973541095

ans =

                     0           249254524.5

ans =

                     0      568655.506091391

ans =

                     0           249251465.5

ans =

                     0      566430.644519845

ans =

                     0           249737231.9

ans =

                     0      589529.652589333

ans =

                     0           250088728.6

ans =

                     0       591539.32555874

ans =

                     0           249733247.4

ans =

                     0      585191.927869291

