ans =

                     0             246004659

ans =

                     0      25554.7200815122

ans =

                     0           245980709.7

ans =

                     0      18448.0323012751

ans =

                     0           245994313.8

ans =

                     0      18300.3107247451

ans =

                     0           279059630.8

ans =

                     0      17766.3968572384

ans =

                     0           279052437.5

ans =

                     0      18828.6572321732

ans =

                     0           278673088.3

ans =

                     0      20109.6495469215

ans =

                     0           256190225.3

ans =

                     0      8293.37447805978

ans =

                     0           256182057.9

ans =

                     0      7343.52283686485

ans =

                     0           256187132.1

ans =

                     0      11391.2678686596

