ans =

                     0      243106491.353333

ans =

                     0      870356.201252896

ans =

                     0          243323176.92

ans =

                     0      886271.361106664

ans =

                     0          243322923.26

ans =

                     0       886025.29643444

ans =

                     0      245069975.933333

ans =

                     0       1423388.7526756

ans =

                     0      245073384.566667

ans =

                     0      1423739.30112173

ans =

                     0      244721716.886667

ans =

                     0      1386189.36739758

ans =

                     0      243323790.306667

ans =

                     0      2959823.96064106

ans =

                     0      243122523.693333

ans =

                     0      2908699.03480034

ans =

                     0      243327903.453333

ans =

                     0      2960441.66136764

