ans =

                     0            71319855.8

ans =

                     0      5634.21641599098

ans =

                     0            71319896.6

ans =

                     0      4806.68030973561

ans =

                     0            71320306.3

ans =

                     0      3786.24434411375

ans =

                     0            90157421.2

ans =

                     0      22260.5852064435

ans =

                     0            90159175.6

ans =

                     0      12342.6373662826

ans =

                     0            90147815.5

ans =

                     0      19394.9355717758

ans =

                     0            86020506.6

ans =

                     0      16363.6564794601

ans =

                     0            86019633.9

ans =

                     0      15075.0520503984

ans =

                     0            86023833.9

ans =

                     0       15736.326780556

