ans =

                     0           278879553.8

ans =

                     0      13255.1075505926

ans =

                     0           278872641.5

ans =

                     0      9789.56616051555

ans =

                     0           297041566.7

ans =

                     0      23732.1889333173

ans =

                     0             297041832

ans =

                     0      12520.3874274454

ans =

                     0           288794278.7

ans =

                     0      13459.0987567684

ans =

                     0           289443277.8

ans =

                     0        13052.76016617

