ans =

                     0              319253.3

ans =

                     0      122980.035881245

ans =

                     0      319031.806666667

ans =

                     0      121907.242545096

ans =

                     0      444538.953333333

ans =

                     0      175383.069915345

ans =

                     0      445732.493333333

ans =

                     0      176155.243205042

ans =

                     0             483524.46

ans =

                     0      195195.152712006

ans =

                     0      484907.313333333

ans =

                     0      196067.715083614

