ans =

                     0            74129150.8

ans =

                     0      31516.1196278984

ans =

                     0            74130070.4

ans =

                     0      33642.8929169627

ans =

                     0            85302111.4

ans =

                     0       18966.386841521

ans =

                     0            85306180.4

ans =

                     0      21649.7070916804

ans =

                     0            85019020.1

ans =

                     0      7167.16253245778

ans =

                     0            85018142.2

ans =

                     0       7436.1208345929

