ans =

                     0           287671347.5

ans =

                     0      14538.2153440128

ans =

                     0           288215123.1

ans =

                     0      13979.3901508216

ans =

                     0           309456651.4

ans =

                     0      8410.52160094723

ans =

                     0           309457630.3

ans =

                     0      8365.72418396771

ans =

                     0             298065551

ans =

                     0      17821.1216943391

ans =

                     0             298063501

ans =

                     0      19995.0472756519

