ans =

                     0           287294004.2

ans =

                     0        11906.86632718

ans =

                     0           287300430.6

ans =

                     0      11869.3663520847

ans =

                     0           308737425.6

ans =

                     0       9738.5401164651

ans =

                     0           309184734.8

ans =

                     0      11246.5644512249

ans =

                     0           297288068.5

ans =

                     0      16619.1604765236

ans =

                     0           297285610.5

ans =

                     0      11641.0334330286

