ans =

                     0             312870.54

ans =

                     0      118574.386955676

ans =

                     0             312592.24

ans =

                     0       118187.27869089

ans =

                     0              443549.2

ans =

                     0       175545.08405493

ans =

                     0             443253.14

ans =

                     0      175999.379630162

ans =

                     0             484500.74

ans =

                     0       196322.21589357

ans =

                     0      483400.526666667

ans =

                     0      195613.629708929

