ans =

                     0                630023

ans =

                     0      2072.46305422102

ans =

                     0              630281.3

ans =

                     0      2007.59923236132

ans =

                     0              843142.1

ans =

                     0      2701.93693692342

ans =

                     0              847580.6

ans =

                     0      2546.06210974255

ans =

                     0              935048.2

ans =

                     0      2735.05713123348

ans =

                     0              941571.5

ans =

                     0      2463.96416144572

