ans =

                     0              640053.9

ans =

                     0      1831.75522685514

ans =

                     0              640116.3

ans =

                     0      3468.98377850856

ans =

                     0              849720.3

ans =

                     0      2407.09239309356

ans =

                     0              849412.3

ans =

                     0      2809.80355382918

ans =

                     0                938267

ans =

                     0      1539.76188635343

ans =

                     0              939215.3

ans =

                     0       1761.4157216411

