ans =

                     0          244369612.98

ans =

                     0      872063.414022326

ans =

                     0          244551829.08

ans =

                     0      893190.397554251

ans =

                     0      243246195.746667

ans =

                     0      1390066.57767446

ans =

                     0      243541942.306667

ans =

                     0      1428076.52532164

ans =

                     0      242863603.766667

ans =

                     0      2889846.50216096

ans =

                     0      242867509.326667

ans =

                     0      2889216.75117332

