ans =

                     0           245947185.2

ans =

                     0      16509.7567234247

ans =

                     0           245945962.3

ans =

                     0      14635.7816938109

ans =

                     0           245959662.3

ans =

                     0      8242.73534763255

ans =

                     0           245590995.1

ans =

                     0      10441.0640948772

ans =

                     0           247728122.2

ans =

                     0      13723.1875208835

ans =

                     0           247733672.7

ans =

                     0      11760.6843909887

