ans =

                     0      243275271.426667

ans =

                     0       872612.42739876

ans =

                     0      243399277.573333

ans =

                     0      891819.073302151

ans =

                     0           242558148.9

ans =

                     0      1386885.40396089

ans =

                     0      242878454.913333

ans =

                     0       1425343.1113953

ans =

                     0      242339478.506667

ans =

                     0       2889126.1829912

ans =

                     0      242665777.446667

ans =

                     0      2968456.40526703

