ans =

                     0            75825012.6

ans =

                     0      88175.2316850436

ans =

                     0            75830414.5

ans =

                     0      89974.4482990711

ans =

                     0            88137663.3

ans =

                     0      244223.226853835

ans =

                     0            88143665.9

ans =

                     0      255120.979545195

ans =

                     0            87982723.8

ans =

                     0      262600.730899296

ans =

                     0            87983315.3

ans =

                     0      263664.935068503

