ans =

                     0            74121921.7

ans =

                     0      33502.2602854394

ans =

                     0            74123253.9

ans =

                     0      31988.7481205849

ans =

                     0            86624496.6

ans =

                     0        11320.27615682

ans =

                     0            86636212.7

ans =

                     0      15724.0040917629

ans =

                     0            85019002.8

ans =

                     0      4409.82740402993

ans =

                     0              85016821

ans =

                     0      5606.94571243759

