ans =

                     0            75766585.8

ans =

                     0      93234.8500136439

ans =

                     0            75761504.3

ans =

                     0      96612.3306324474

ans =

                     0            88896264.3

ans =

                     0      272237.677019773

ans =

                     0            88934700.1

ans =

                     0      233754.715355624

ans =

                     0            87950405.9

ans =

                     0      265001.276968181

ans =

                     0            87953595.6

ans =

                     0      265315.682683101

