ans =

                     0           246096490.2

ans =

                     0      15494.2945327197

ans =

                     0           246093958.4

ans =

                     0      16710.4789558329

ans =

                     0           275148271.3

ans =

                     0      16592.7242023592

ans =

                     0           275151163.4

ans =

                     0      14633.8731122921

ans =

                     0             255326712

ans =

                     0      12933.3988314493

ans =

                     0           255317018.1

ans =

                     0      13993.5018605859

