ans =

                     0           244864353.3

ans =

                     0       9218.6392108597

ans =

                     0           244871175.2

ans =

                     0      13216.2369396301

ans =

                     0           245289150.4

ans =

                     0      9449.75724791089

ans =

                     0           245291098.8

ans =

                     0      8007.44912635173

ans =

                     0           247212933.2

ans =

                     0      11784.9943553468

ans =

                     0           247662293.2

ans =

                     0      11955.6011401444

