ans =

                     0           278191131.4

ans =

                     0      8113.35639821427

ans =

                     0           278187149.9

ans =

                     0      12474.7513486687

ans =

                     0           297041566.7

ans =

                     0      23732.1889333173

ans =

                     0             297041832

ans =

                     0      12520.3874274454

ans =

                     0           288794278.7

ans =

                     0      13459.0987567684

ans =

                     0           289443277.8

ans =

                     0        13052.76016617

