ans =

                     0              637101.4

ans =

                     0      2649.01319991678

ans =

                     0              842511.7

ans =

                     0      2760.77726776758

ans =

                     0                940477

ans =

                     0      2187.09253982948

