ans =

                     0           279893629.1

ans =

                     0      26212.5945616903

ans =

                     0           279425699.4

ans =

                     0      14964.0562400559

ans =

                     0           297782438.4

ans =

                     0      36965.0231952074

ans =

                     0           298212287.2

ans =

                     0      34768.7673280361

ans =

                     0           290196929.3

ans =

                     0       12616.658644207

ans =

                     0           289625227.4

ans =

                     0      9124.82233860535

