ans =

                     0           246700263.9

ans =

                     0      8407.80413200868

ans =

                     0           246692971.3

ans =

                     0      7726.14339686295

ans =

                     0           275747898.3

ans =

                     0      16362.9957122092

ans =

                     0           275409102.8

ans =

                     0      10464.7877591686

ans =

                     0           255707286.2

ans =

                     0      7851.79902669163

ans =

                     0           255709781.4

ans =

                     0      8259.83166629657

